10
10
1 6 18 28 5 5 22 7 25 21 10 19 16 4 15 13 2 3 9 1
4
9 2 2 16 1 18 4 26 13 7 3 6 1 21 3 17 25 24 28 6
2
11 1 7 28 4 24 6 26 27 17 2 3 29 19 12 4 8 2 25 6
10
22 1 19 29 23 8 2 12 10 15 2 7 3 5 18 14 24 28 6 3
10
9 5 4 3 1 26 5 6 12 18 20 17 8 24 22 15 28 11 10 4
7
1 6 20 24 23 12 15 1 5 9 21 5 3 7 14 27 6 17 8 2
5
4 3 1 8 11 5 5 25 6 1 7 14 24 2 3 2 12 6 29 22
6
22 17 3 24 3 12 18 25 14 5 4 11 8 4 2 6 1 7 19 7
4
6 1 3 12 13 25 4 8 2 22 1 23 5 27 4 11 20 2 10 26
5
7 1 6 19 28 7 2 15 3 3 21 9 5 27 1 14 26 29 25 23
